16 ; 2 ; 3
16 ; 3 ; 17
5 ; 8 ; 7
5 ; 7 ; 6
29 ; 30 ; 23
9 ; 6 ; 7
9 ; 7 ; 10
14 ; 13 ; 17
11 ; 1 ; 4
11 ; 4 ; 13
2 ; 9 ; 10
2 ; 10 ; 3
5 ; 12 ; 14
5 ; 14 ; 8
12 ; 11 ; 13
12 ; 13 ; 14
1 ; 15 ; 18
1 ; 18 ; 4
15 ; 16 ; 17
15 ; 17 ; 18
38 ; 42 ; 21
38 ; 21 ; 20
33 ; 39 ; 25
33 ; 25 ; 32
34 ; 27 ; 19
34 ; 19 ; 22
19 ; 20 ; 21
19 ; 21 ; 22
26 ; 25 ; 24
26 ; 24 ; 23
26 ; 23 ; 30
26 ; 30 ; 31
31 ; 30 ; 29
31 ; 29 ; 32
32 ; 29 ; 28
32 ; 28 ; 33
33 ; 28 ; 27
33 ; 27 ; 34
24 ; 25 ; 39
24 ; 39 ; 35
35 ; 39 ; 40
35 ; 40 ; 36
36 ; 40 ; 41
36 ; 41 ; 37
37 ; 41 ; 42
37 ; 42 ; 38
26 ; 31 ; 32
37 ; 38 ; 20
21 ; 42 ; 41
12 ; 5 ; 6